{
 "cells": [
  {
   "cell_type": "markdown",
   "metadata": {},
   "source": [
    "### Update Nov. 10\n",
    "#### EDA\n",
    "- Representative features: **acousticness**, **danceability**, **energy**, **instrumentalness**, **speechiness**, **valence**, **track_number**, **duration_ms**, **loudness**.\n",
    "- Not that representative features:**liveness**, **available_markets**, **key** and **tempo**.\n",
    "- The rest features are hard to interpretate."
   ]
  },
  {
   "cell_type": "markdown",
   "metadata": {},
   "source": [
    "### 0: Import Library"
   ]
  },
  {
   "cell_type": "code",
   "execution_count": 1,
   "metadata": {},
   "outputs": [],
   "source": [
    "import numpy as np\n",
    "import pandas as pd\n",
    "import matplotlib.pyplot as plt\n",
    "import seaborn as sns\n",
    "\n",
    "from sklearn.preprocessing import StandardScaler\n",
    "from sklearn.model_selection import train_test_split, GridSearchCV\n",
    "from sklearn.linear_model import LogisticRegression\n",
    "from sklearn.svm import SVC\n",
    "from sklearn.ensemble import RandomForestClassifier\n",
    "from sklearn.metrics import roc_auc_score, roc_curve"
   ]
  },
  {
   "cell_type": "markdown",
   "metadata": {},
   "source": [
    "### 1: Data Preprocessing"
   ]
  },
  {
   "cell_type": "code",
   "execution_count": 2,
   "metadata": {},
   "outputs": [
    {
     "name": "stdout",
     "output_type": "stream",
     "text": [
      "Without any processing: (10809, 24)\n",
      "Number of tracks in Top200: 7700\n",
      "Number of tracks in Non-Top200: 3109\n",
      "\n",
      "After removing duplicates: (3779, 24)\n",
      "Number of tracks in Top200: 764\n",
      "Number of tracks in Non-Top200: 3015\n",
      "\n",
      "After dropping missing values: (3768, 24)\n",
      "Number of tracks in Top200: 763\n",
      "Number of tracks in Non-Top200: 3005\n",
      "\n",
      "After imputation: (3768, 24)\n",
      "Number of tracks in Top200: 763\n",
      "Number of tracks in Non-Top200: 3005\n"
     ]
    }
   ],
   "source": [
    "# read data\n",
    "df = pd.read_csv('Dataset_model_building/songs.csv')\n",
    "df.shape\n",
    "print('Without any processing: {}'.format(df.shape))\n",
    "print('Number of tracks in Top200: {}'.format((df.y==1).sum()))\n",
    "print('Number of tracks in Non-Top200: {}'.format((df.y==0).sum()))\n",
    "\n",
    "# remove duplicates\n",
    "df = df.drop_duplicates(['track', 'artist'])\n",
    "print('\\nAfter removing duplicates: {}'.format(df.shape))\n",
    "print('Number of tracks in Top200: {}'.format((df.y==1).sum()))\n",
    "print('Number of tracks in Non-Top200: {}'.format((df.y==0).sum()))\n",
    "\n",
    "# drop missing values\n",
    "df = df.dropna()\n",
    "print('\\nAfter dropping missing values: {}'.format(df.shape))\n",
    "print('Number of tracks in Top200: {}'.format((df.y==1).sum()))\n",
    "print('Number of tracks in Non-Top200: {}'.format((df.y==0).sum()))\n",
    "\n",
    "# deal with missing value of 'available_markets'\n",
    "df['available_markets'] = df['available_markets'].replace(0, np.nan)\n",
    "df['available_markets'] = df['available_markets'].replace(np.nan, df.available_markets.median())\n",
    "print('\\nAfter imputation: {}'.format(df.shape))\n",
    "print('Number of tracks in Top200: {}'.format((df.y==1).sum()))\n",
    "print('Number of tracks in Non-Top200: {}'.format((df.y==0).sum()))"
   ]
  },
  {
   "cell_type": "markdown",
   "metadata": {},
   "source": [
    "### 2: Simple EDA\n",
    "### 2.1 Numerical analysis"
   ]
  },
  {
   "cell_type": "code",
   "execution_count": 3,
   "metadata": {},
   "outputs": [
    {
     "data": {
      "text/html": [
       "<div>\n",
       "<style>\n",
       "    .dataframe thead tr:only-child th {\n",
       "        text-align: right;\n",
       "    }\n",
       "\n",
       "    .dataframe thead th {\n",
       "        text-align: left;\n",
       "    }\n",
       "\n",
       "    .dataframe tbody tr th {\n",
       "        vertical-align: top;\n",
       "    }\n",
       "</style>\n",
       "<table border=\"1\" class=\"dataframe\">\n",
       "  <thead>\n",
       "    <tr style=\"text-align: right;\">\n",
       "      <th></th>\n",
       "      <th>acousticness</th>\n",
       "      <th>available_markets</th>\n",
       "      <th>danceability</th>\n",
       "      <th>duration_ms</th>\n",
       "      <th>energy</th>\n",
       "      <th>instrumentalness</th>\n",
       "      <th>key</th>\n",
       "      <th>liveness</th>\n",
       "      <th>loudness</th>\n",
       "      <th>mode</th>\n",
       "      <th>speechiness</th>\n",
       "      <th>tempo</th>\n",
       "      <th>time_signature</th>\n",
       "      <th>track_number</th>\n",
       "      <th>valence</th>\n",
       "      <th>y</th>\n",
       "    </tr>\n",
       "  </thead>\n",
       "  <tbody>\n",
       "    <tr>\n",
       "      <th>count</th>\n",
       "      <td>3768.000000</td>\n",
       "      <td>3768.000000</td>\n",
       "      <td>3768.000000</td>\n",
       "      <td>3768.000000</td>\n",
       "      <td>3768.000000</td>\n",
       "      <td>3768.000000</td>\n",
       "      <td>3768.000000</td>\n",
       "      <td>3768.000000</td>\n",
       "      <td>3768.000000</td>\n",
       "      <td>3768.000000</td>\n",
       "      <td>3768.000000</td>\n",
       "      <td>3768.000000</td>\n",
       "      <td>3768.000000</td>\n",
       "      <td>3768.000000</td>\n",
       "      <td>3768.000000</td>\n",
       "      <td>3768.000000</td>\n",
       "    </tr>\n",
       "    <tr>\n",
       "      <th>mean</th>\n",
       "      <td>0.340561</td>\n",
       "      <td>43.618896</td>\n",
       "      <td>0.574322</td>\n",
       "      <td>216746.880308</td>\n",
       "      <td>0.578703</td>\n",
       "      <td>0.127604</td>\n",
       "      <td>5.209130</td>\n",
       "      <td>0.194356</td>\n",
       "      <td>-8.568219</td>\n",
       "      <td>0.642781</td>\n",
       "      <td>0.093299</td>\n",
       "      <td>118.235278</td>\n",
       "      <td>3.914013</td>\n",
       "      <td>7.246285</td>\n",
       "      <td>0.446243</td>\n",
       "      <td>0.202495</td>\n",
       "    </tr>\n",
       "    <tr>\n",
       "      <th>std</th>\n",
       "      <td>0.331892</td>\n",
       "      <td>26.359145</td>\n",
       "      <td>0.175540</td>\n",
       "      <td>72563.335624</td>\n",
       "      <td>0.244507</td>\n",
       "      <td>0.287171</td>\n",
       "      <td>3.543023</td>\n",
       "      <td>0.164359</td>\n",
       "      <td>5.035170</td>\n",
       "      <td>0.479244</td>\n",
       "      <td>0.117792</td>\n",
       "      <td>29.887655</td>\n",
       "      <td>0.413516</td>\n",
       "      <td>5.810096</td>\n",
       "      <td>0.242666</td>\n",
       "      <td>0.401912</td>\n",
       "    </tr>\n",
       "    <tr>\n",
       "      <th>min</th>\n",
       "      <td>0.000002</td>\n",
       "      <td>1.000000</td>\n",
       "      <td>0.061300</td>\n",
       "      <td>21148.000000</td>\n",
       "      <td>0.001260</td>\n",
       "      <td>0.000000</td>\n",
       "      <td>0.000000</td>\n",
       "      <td>0.021900</td>\n",
       "      <td>-43.162000</td>\n",
       "      <td>0.000000</td>\n",
       "      <td>0.023000</td>\n",
       "      <td>37.099000</td>\n",
       "      <td>1.000000</td>\n",
       "      <td>1.000000</td>\n",
       "      <td>0.000010</td>\n",
       "      <td>0.000000</td>\n",
       "    </tr>\n",
       "    <tr>\n",
       "      <th>25%</th>\n",
       "      <td>0.039800</td>\n",
       "      <td>3.000000</td>\n",
       "      <td>0.461000</td>\n",
       "      <td>182637.000000</td>\n",
       "      <td>0.410000</td>\n",
       "      <td>0.000000</td>\n",
       "      <td>2.000000</td>\n",
       "      <td>0.097800</td>\n",
       "      <td>-10.246750</td>\n",
       "      <td>0.000000</td>\n",
       "      <td>0.035500</td>\n",
       "      <td>94.958250</td>\n",
       "      <td>4.000000</td>\n",
       "      <td>3.000000</td>\n",
       "      <td>0.251000</td>\n",
       "      <td>0.000000</td>\n",
       "    </tr>\n",
       "    <tr>\n",
       "      <th>50%</th>\n",
       "      <td>0.215500</td>\n",
       "      <td>61.000000</td>\n",
       "      <td>0.592000</td>\n",
       "      <td>213139.500000</td>\n",
       "      <td>0.615000</td>\n",
       "      <td>0.000019</td>\n",
       "      <td>5.000000</td>\n",
       "      <td>0.125000</td>\n",
       "      <td>-7.132000</td>\n",
       "      <td>1.000000</td>\n",
       "      <td>0.048800</td>\n",
       "      <td>116.247500</td>\n",
       "      <td>4.000000</td>\n",
       "      <td>6.000000</td>\n",
       "      <td>0.426000</td>\n",
       "      <td>0.000000</td>\n",
       "    </tr>\n",
       "    <tr>\n",
       "      <th>75%</th>\n",
       "      <td>0.616000</td>\n",
       "      <td>62.000000</td>\n",
       "      <td>0.706000</td>\n",
       "      <td>246403.250000</td>\n",
       "      <td>0.772000</td>\n",
       "      <td>0.010625</td>\n",
       "      <td>8.000000</td>\n",
       "      <td>0.237000</td>\n",
       "      <td>-5.292000</td>\n",
       "      <td>1.000000</td>\n",
       "      <td>0.092925</td>\n",
       "      <td>138.039500</td>\n",
       "      <td>4.000000</td>\n",
       "      <td>10.000000</td>\n",
       "      <td>0.631000</td>\n",
       "      <td>0.000000</td>\n",
       "    </tr>\n",
       "    <tr>\n",
       "      <th>max</th>\n",
       "      <td>0.996000</td>\n",
       "      <td>62.000000</td>\n",
       "      <td>0.964000</td>\n",
       "      <td>819147.000000</td>\n",
       "      <td>0.996000</td>\n",
       "      <td>0.987000</td>\n",
       "      <td>11.000000</td>\n",
       "      <td>0.985000</td>\n",
       "      <td>-1.075000</td>\n",
       "      <td>1.000000</td>\n",
       "      <td>0.954000</td>\n",
       "      <td>220.251000</td>\n",
       "      <td>5.000000</td>\n",
       "      <td>50.000000</td>\n",
       "      <td>0.972000</td>\n",
       "      <td>1.000000</td>\n",
       "    </tr>\n",
       "  </tbody>\n",
       "</table>\n",
       "</div>"
      ],
      "text/plain": [
       "       acousticness  available_markets  danceability    duration_ms  \\\n",
       "count   3768.000000        3768.000000   3768.000000    3768.000000   \n",
       "mean       0.340561          43.618896      0.574322  216746.880308   \n",
       "std        0.331892          26.359145      0.175540   72563.335624   \n",
       "min        0.000002           1.000000      0.061300   21148.000000   \n",
       "25%        0.039800           3.000000      0.461000  182637.000000   \n",
       "50%        0.215500          61.000000      0.592000  213139.500000   \n",
       "75%        0.616000          62.000000      0.706000  246403.250000   \n",
       "max        0.996000          62.000000      0.964000  819147.000000   \n",
       "\n",
       "            energy  instrumentalness          key     liveness     loudness  \\\n",
       "count  3768.000000       3768.000000  3768.000000  3768.000000  3768.000000   \n",
       "mean      0.578703          0.127604     5.209130     0.194356    -8.568219   \n",
       "std       0.244507          0.287171     3.543023     0.164359     5.035170   \n",
       "min       0.001260          0.000000     0.000000     0.021900   -43.162000   \n",
       "25%       0.410000          0.000000     2.000000     0.097800   -10.246750   \n",
       "50%       0.615000          0.000019     5.000000     0.125000    -7.132000   \n",
       "75%       0.772000          0.010625     8.000000     0.237000    -5.292000   \n",
       "max       0.996000          0.987000    11.000000     0.985000    -1.075000   \n",
       "\n",
       "              mode  speechiness        tempo  time_signature  track_number  \\\n",
       "count  3768.000000  3768.000000  3768.000000     3768.000000   3768.000000   \n",
       "mean      0.642781     0.093299   118.235278        3.914013      7.246285   \n",
       "std       0.479244     0.117792    29.887655        0.413516      5.810096   \n",
       "min       0.000000     0.023000    37.099000        1.000000      1.000000   \n",
       "25%       0.000000     0.035500    94.958250        4.000000      3.000000   \n",
       "50%       1.000000     0.048800   116.247500        4.000000      6.000000   \n",
       "75%       1.000000     0.092925   138.039500        4.000000     10.000000   \n",
       "max       1.000000     0.954000   220.251000        5.000000     50.000000   \n",
       "\n",
       "           valence            y  \n",
       "count  3768.000000  3768.000000  \n",
       "mean      0.446243     0.202495  \n",
       "std       0.242666     0.401912  \n",
       "min       0.000010     0.000000  \n",
       "25%       0.251000     0.000000  \n",
       "50%       0.426000     0.000000  \n",
       "75%       0.631000     0.000000  \n",
       "max       0.972000     1.000000  "
      ]
     },
     "execution_count": 3,
     "metadata": {},
     "output_type": "execute_result"
    }
   ],
   "source": [
    "# have a quick look\n",
    "df.describe()"
   ]
  },
  {
   "cell_type": "code",
   "execution_count": 4,
   "metadata": {},
   "outputs": [
    {
     "data": {
      "text/html": [
       "<div>\n",
       "<style>\n",
       "    .dataframe thead tr:only-child th {\n",
       "        text-align: right;\n",
       "    }\n",
       "\n",
       "    .dataframe thead th {\n",
       "        text-align: left;\n",
       "    }\n",
       "\n",
       "    .dataframe tbody tr th {\n",
       "        vertical-align: top;\n",
       "    }\n",
       "</style>\n",
       "<table border=\"1\" class=\"dataframe\">\n",
       "  <thead>\n",
       "    <tr style=\"text-align: right;\">\n",
       "      <th></th>\n",
       "      <th>acousticness</th>\n",
       "      <th>available_markets</th>\n",
       "      <th>danceability</th>\n",
       "      <th>duration_ms</th>\n",
       "      <th>energy</th>\n",
       "      <th>instrumentalness</th>\n",
       "      <th>key</th>\n",
       "      <th>liveness</th>\n",
       "      <th>loudness</th>\n",
       "      <th>mode</th>\n",
       "      <th>speechiness</th>\n",
       "      <th>tempo</th>\n",
       "      <th>time_signature</th>\n",
       "      <th>track_number</th>\n",
       "      <th>valence</th>\n",
       "      <th>y</th>\n",
       "      <th>featuring</th>\n",
       "    </tr>\n",
       "  </thead>\n",
       "  <tbody>\n",
       "    <tr>\n",
       "      <th>acousticness</th>\n",
       "      <td>1.000000</td>\n",
       "      <td>0.044938</td>\n",
       "      <td>-0.229759</td>\n",
       "      <td>-0.187195</td>\n",
       "      <td>-0.729465</td>\n",
       "      <td>0.287436</td>\n",
       "      <td>-0.002117</td>\n",
       "      <td>-0.031915</td>\n",
       "      <td>-0.627845</td>\n",
       "      <td>0.067824</td>\n",
       "      <td>-0.005326</td>\n",
       "      <td>-0.164209</td>\n",
       "      <td>-0.168247</td>\n",
       "      <td>0.239997</td>\n",
       "      <td>-0.179385</td>\n",
       "      <td>-0.204295</td>\n",
       "      <td>-0.078503</td>\n",
       "    </tr>\n",
       "    <tr>\n",
       "      <th>available_markets</th>\n",
       "      <td>0.044938</td>\n",
       "      <td>1.000000</td>\n",
       "      <td>0.001448</td>\n",
       "      <td>-0.057501</td>\n",
       "      <td>-0.101515</td>\n",
       "      <td>0.045287</td>\n",
       "      <td>-0.034641</td>\n",
       "      <td>-0.004516</td>\n",
       "      <td>-0.116700</td>\n",
       "      <td>-0.044424</td>\n",
       "      <td>0.050923</td>\n",
       "      <td>0.013208</td>\n",
       "      <td>-0.034254</td>\n",
       "      <td>-0.049505</td>\n",
       "      <td>-0.015351</td>\n",
       "      <td>0.035451</td>\n",
       "      <td>0.062204</td>\n",
       "    </tr>\n",
       "    <tr>\n",
       "      <th>danceability</th>\n",
       "      <td>-0.229759</td>\n",
       "      <td>0.001448</td>\n",
       "      <td>1.000000</td>\n",
       "      <td>-0.112862</td>\n",
       "      <td>0.219107</td>\n",
       "      <td>-0.313056</td>\n",
       "      <td>0.002544</td>\n",
       "      <td>-0.133681</td>\n",
       "      <td>0.347102</td>\n",
       "      <td>-0.077276</td>\n",
       "      <td>0.200330</td>\n",
       "      <td>-0.008822</td>\n",
       "      <td>0.190519</td>\n",
       "      <td>-0.171395</td>\n",
       "      <td>0.498381</td>\n",
       "      <td>0.276735</td>\n",
       "      <td>0.129854</td>\n",
       "    </tr>\n",
       "    <tr>\n",
       "      <th>duration_ms</th>\n",
       "      <td>-0.187195</td>\n",
       "      <td>-0.057501</td>\n",
       "      <td>-0.112862</td>\n",
       "      <td>1.000000</td>\n",
       "      <td>0.195385</td>\n",
       "      <td>-0.082715</td>\n",
       "      <td>-0.013102</td>\n",
       "      <td>0.050903</td>\n",
       "      <td>0.229311</td>\n",
       "      <td>0.018895</td>\n",
       "      <td>-0.139622</td>\n",
       "      <td>0.039338</td>\n",
       "      <td>0.038610</td>\n",
       "      <td>-0.059643</td>\n",
       "      <td>-0.109136</td>\n",
       "      <td>0.007337</td>\n",
       "      <td>-0.007351</td>\n",
       "    </tr>\n",
       "    <tr>\n",
       "      <th>energy</th>\n",
       "      <td>-0.729465</td>\n",
       "      <td>-0.101515</td>\n",
       "      <td>0.219107</td>\n",
       "      <td>0.195385</td>\n",
       "      <td>1.000000</td>\n",
       "      <td>-0.318256</td>\n",
       "      <td>0.010290</td>\n",
       "      <td>0.134002</td>\n",
       "      <td>0.796348</td>\n",
       "      <td>-0.065011</td>\n",
       "      <td>-0.004552</td>\n",
       "      <td>0.202214</td>\n",
       "      <td>0.203833</td>\n",
       "      <td>-0.231864</td>\n",
       "      <td>0.393091</td>\n",
       "      <td>0.131516</td>\n",
       "      <td>0.066074</td>\n",
       "    </tr>\n",
       "    <tr>\n",
       "      <th>instrumentalness</th>\n",
       "      <td>0.287436</td>\n",
       "      <td>0.045287</td>\n",
       "      <td>-0.313056</td>\n",
       "      <td>-0.082715</td>\n",
       "      <td>-0.318256</td>\n",
       "      <td>1.000000</td>\n",
       "      <td>-0.008292</td>\n",
       "      <td>-0.064719</td>\n",
       "      <td>-0.537649</td>\n",
       "      <td>-0.047150</td>\n",
       "      <td>-0.129343</td>\n",
       "      <td>-0.090855</td>\n",
       "      <td>-0.151213</td>\n",
       "      <td>0.115426</td>\n",
       "      <td>-0.218063</td>\n",
       "      <td>-0.208381</td>\n",
       "      <td>-0.063172</td>\n",
       "    </tr>\n",
       "    <tr>\n",
       "      <th>key</th>\n",
       "      <td>-0.002117</td>\n",
       "      <td>-0.034641</td>\n",
       "      <td>0.002544</td>\n",
       "      <td>-0.013102</td>\n",
       "      <td>0.010290</td>\n",
       "      <td>-0.008292</td>\n",
       "      <td>1.000000</td>\n",
       "      <td>-0.006039</td>\n",
       "      <td>0.007609</td>\n",
       "      <td>-0.112020</td>\n",
       "      <td>0.043037</td>\n",
       "      <td>-0.019287</td>\n",
       "      <td>-0.020519</td>\n",
       "      <td>0.010367</td>\n",
       "      <td>0.028346</td>\n",
       "      <td>0.003437</td>\n",
       "      <td>0.013505</td>\n",
       "    </tr>\n",
       "    <tr>\n",
       "      <th>liveness</th>\n",
       "      <td>-0.031915</td>\n",
       "      <td>-0.004516</td>\n",
       "      <td>-0.133681</td>\n",
       "      <td>0.050903</td>\n",
       "      <td>0.134002</td>\n",
       "      <td>-0.064719</td>\n",
       "      <td>-0.006039</td>\n",
       "      <td>1.000000</td>\n",
       "      <td>0.035273</td>\n",
       "      <td>0.027832</td>\n",
       "      <td>0.085714</td>\n",
       "      <td>0.006842</td>\n",
       "      <td>0.038176</td>\n",
       "      <td>0.059846</td>\n",
       "      <td>0.058679</td>\n",
       "      <td>-0.060264</td>\n",
       "      <td>-0.022114</td>\n",
       "    </tr>\n",
       "    <tr>\n",
       "      <th>loudness</th>\n",
       "      <td>-0.627845</td>\n",
       "      <td>-0.116700</td>\n",
       "      <td>0.347102</td>\n",
       "      <td>0.229311</td>\n",
       "      <td>0.796348</td>\n",
       "      <td>-0.537649</td>\n",
       "      <td>0.007609</td>\n",
       "      <td>0.035273</td>\n",
       "      <td>1.000000</td>\n",
       "      <td>-0.023409</td>\n",
       "      <td>-0.073552</td>\n",
       "      <td>0.165974</td>\n",
       "      <td>0.228754</td>\n",
       "      <td>-0.269491</td>\n",
       "      <td>0.334079</td>\n",
       "      <td>0.210864</td>\n",
       "      <td>0.084738</td>\n",
       "    </tr>\n",
       "    <tr>\n",
       "      <th>mode</th>\n",
       "      <td>0.067824</td>\n",
       "      <td>-0.044424</td>\n",
       "      <td>-0.077276</td>\n",
       "      <td>0.018895</td>\n",
       "      <td>-0.065011</td>\n",
       "      <td>-0.047150</td>\n",
       "      <td>-0.112020</td>\n",
       "      <td>0.027832</td>\n",
       "      <td>-0.023409</td>\n",
       "      <td>1.000000</td>\n",
       "      <td>-0.065919</td>\n",
       "      <td>0.028568</td>\n",
       "      <td>-0.014385</td>\n",
       "      <td>0.041901</td>\n",
       "      <td>-0.027847</td>\n",
       "      <td>-0.047469</td>\n",
       "      <td>-0.040895</td>\n",
       "    </tr>\n",
       "    <tr>\n",
       "      <th>speechiness</th>\n",
       "      <td>-0.005326</td>\n",
       "      <td>0.050923</td>\n",
       "      <td>0.200330</td>\n",
       "      <td>-0.139622</td>\n",
       "      <td>-0.004552</td>\n",
       "      <td>-0.129343</td>\n",
       "      <td>0.043037</td>\n",
       "      <td>0.085714</td>\n",
       "      <td>-0.073552</td>\n",
       "      <td>-0.065919</td>\n",
       "      <td>1.000000</td>\n",
       "      <td>0.065605</td>\n",
       "      <td>0.027296</td>\n",
       "      <td>0.010060</td>\n",
       "      <td>0.077762</td>\n",
       "      <td>0.096355</td>\n",
       "      <td>0.057286</td>\n",
       "    </tr>\n",
       "    <tr>\n",
       "      <th>tempo</th>\n",
       "      <td>-0.164209</td>\n",
       "      <td>0.013208</td>\n",
       "      <td>-0.008822</td>\n",
       "      <td>0.039338</td>\n",
       "      <td>0.202214</td>\n",
       "      <td>-0.090855</td>\n",
       "      <td>-0.019287</td>\n",
       "      <td>0.006842</td>\n",
       "      <td>0.165974</td>\n",
       "      <td>0.028568</td>\n",
       "      <td>0.065605</td>\n",
       "      <td>1.000000</td>\n",
       "      <td>0.029067</td>\n",
       "      <td>-0.041629</td>\n",
       "      <td>0.100528</td>\n",
       "      <td>0.028400</td>\n",
       "      <td>0.017049</td>\n",
       "    </tr>\n",
       "    <tr>\n",
       "      <th>time_signature</th>\n",
       "      <td>-0.168247</td>\n",
       "      <td>-0.034254</td>\n",
       "      <td>0.190519</td>\n",
       "      <td>0.038610</td>\n",
       "      <td>0.203833</td>\n",
       "      <td>-0.151213</td>\n",
       "      <td>-0.020519</td>\n",
       "      <td>0.038176</td>\n",
       "      <td>0.228754</td>\n",
       "      <td>-0.014385</td>\n",
       "      <td>0.027296</td>\n",
       "      <td>0.029067</td>\n",
       "      <td>1.000000</td>\n",
       "      <td>-0.104105</td>\n",
       "      <td>0.138175</td>\n",
       "      <td>0.092016</td>\n",
       "      <td>0.008236</td>\n",
       "    </tr>\n",
       "    <tr>\n",
       "      <th>track_number</th>\n",
       "      <td>0.239997</td>\n",
       "      <td>-0.049505</td>\n",
       "      <td>-0.171395</td>\n",
       "      <td>-0.059643</td>\n",
       "      <td>-0.231864</td>\n",
       "      <td>0.115426</td>\n",
       "      <td>0.010367</td>\n",
       "      <td>0.059846</td>\n",
       "      <td>-0.269491</td>\n",
       "      <td>0.041901</td>\n",
       "      <td>0.010060</td>\n",
       "      <td>-0.041629</td>\n",
       "      <td>-0.104105</td>\n",
       "      <td>1.000000</td>\n",
       "      <td>-0.063768</td>\n",
       "      <td>-0.253614</td>\n",
       "      <td>-0.063818</td>\n",
       "    </tr>\n",
       "    <tr>\n",
       "      <th>valence</th>\n",
       "      <td>-0.179385</td>\n",
       "      <td>-0.015351</td>\n",
       "      <td>0.498381</td>\n",
       "      <td>-0.109136</td>\n",
       "      <td>0.393091</td>\n",
       "      <td>-0.218063</td>\n",
       "      <td>0.028346</td>\n",
       "      <td>0.058679</td>\n",
       "      <td>0.334079</td>\n",
       "      <td>-0.027847</td>\n",
       "      <td>0.077762</td>\n",
       "      <td>0.100528</td>\n",
       "      <td>0.138175</td>\n",
       "      <td>-0.063768</td>\n",
       "      <td>1.000000</td>\n",
       "      <td>0.074564</td>\n",
       "      <td>0.033141</td>\n",
       "    </tr>\n",
       "    <tr>\n",
       "      <th>y</th>\n",
       "      <td>-0.204295</td>\n",
       "      <td>0.035451</td>\n",
       "      <td>0.276735</td>\n",
       "      <td>0.007337</td>\n",
       "      <td>0.131516</td>\n",
       "      <td>-0.208381</td>\n",
       "      <td>0.003437</td>\n",
       "      <td>-0.060264</td>\n",
       "      <td>0.210864</td>\n",
       "      <td>-0.047469</td>\n",
       "      <td>0.096355</td>\n",
       "      <td>0.028400</td>\n",
       "      <td>0.092016</td>\n",
       "      <td>-0.253614</td>\n",
       "      <td>0.074564</td>\n",
       "      <td>1.000000</td>\n",
       "      <td>0.208188</td>\n",
       "    </tr>\n",
       "    <tr>\n",
       "      <th>featuring</th>\n",
       "      <td>-0.078503</td>\n",
       "      <td>0.062204</td>\n",
       "      <td>0.129854</td>\n",
       "      <td>-0.007351</td>\n",
       "      <td>0.066074</td>\n",
       "      <td>-0.063172</td>\n",
       "      <td>0.013505</td>\n",
       "      <td>-0.022114</td>\n",
       "      <td>0.084738</td>\n",
       "      <td>-0.040895</td>\n",
       "      <td>0.057286</td>\n",
       "      <td>0.017049</td>\n",
       "      <td>0.008236</td>\n",
       "      <td>-0.063818</td>\n",
       "      <td>0.033141</td>\n",
       "      <td>0.208188</td>\n",
       "      <td>1.000000</td>\n",
       "    </tr>\n",
       "  </tbody>\n",
       "</table>\n",
       "</div>"
      ],
      "text/plain": [
       "                   acousticness  available_markets  danceability  duration_ms  \\\n",
       "acousticness           1.000000           0.044938     -0.229759    -0.187195   \n",
       "available_markets      0.044938           1.000000      0.001448    -0.057501   \n",
       "danceability          -0.229759           0.001448      1.000000    -0.112862   \n",
       "duration_ms           -0.187195          -0.057501     -0.112862     1.000000   \n",
       "energy                -0.729465          -0.101515      0.219107     0.195385   \n",
       "instrumentalness       0.287436           0.045287     -0.313056    -0.082715   \n",
       "key                   -0.002117          -0.034641      0.002544    -0.013102   \n",
       "liveness              -0.031915          -0.004516     -0.133681     0.050903   \n",
       "loudness              -0.627845          -0.116700      0.347102     0.229311   \n",
       "mode                   0.067824          -0.044424     -0.077276     0.018895   \n",
       "speechiness           -0.005326           0.050923      0.200330    -0.139622   \n",
       "tempo                 -0.164209           0.013208     -0.008822     0.039338   \n",
       "time_signature        -0.168247          -0.034254      0.190519     0.038610   \n",
       "track_number           0.239997          -0.049505     -0.171395    -0.059643   \n",
       "valence               -0.179385          -0.015351      0.498381    -0.109136   \n",
       "y                     -0.204295           0.035451      0.276735     0.007337   \n",
       "featuring             -0.078503           0.062204      0.129854    -0.007351   \n",
       "\n",
       "                     energy  instrumentalness       key  liveness  loudness  \\\n",
       "acousticness      -0.729465          0.287436 -0.002117 -0.031915 -0.627845   \n",
       "available_markets -0.101515          0.045287 -0.034641 -0.004516 -0.116700   \n",
       "danceability       0.219107         -0.313056  0.002544 -0.133681  0.347102   \n",
       "duration_ms        0.195385         -0.082715 -0.013102  0.050903  0.229311   \n",
       "energy             1.000000         -0.318256  0.010290  0.134002  0.796348   \n",
       "instrumentalness  -0.318256          1.000000 -0.008292 -0.064719 -0.537649   \n",
       "key                0.010290         -0.008292  1.000000 -0.006039  0.007609   \n",
       "liveness           0.134002         -0.064719 -0.006039  1.000000  0.035273   \n",
       "loudness           0.796348         -0.537649  0.007609  0.035273  1.000000   \n",
       "mode              -0.065011         -0.047150 -0.112020  0.027832 -0.023409   \n",
       "speechiness       -0.004552         -0.129343  0.043037  0.085714 -0.073552   \n",
       "tempo              0.202214         -0.090855 -0.019287  0.006842  0.165974   \n",
       "time_signature     0.203833         -0.151213 -0.020519  0.038176  0.228754   \n",
       "track_number      -0.231864          0.115426  0.010367  0.059846 -0.269491   \n",
       "valence            0.393091         -0.218063  0.028346  0.058679  0.334079   \n",
       "y                  0.131516         -0.208381  0.003437 -0.060264  0.210864   \n",
       "featuring          0.066074         -0.063172  0.013505 -0.022114  0.084738   \n",
       "\n",
       "                       mode  speechiness     tempo  time_signature  \\\n",
       "acousticness       0.067824    -0.005326 -0.164209       -0.168247   \n",
       "available_markets -0.044424     0.050923  0.013208       -0.034254   \n",
       "danceability      -0.077276     0.200330 -0.008822        0.190519   \n",
       "duration_ms        0.018895    -0.139622  0.039338        0.038610   \n",
       "energy            -0.065011    -0.004552  0.202214        0.203833   \n",
       "instrumentalness  -0.047150    -0.129343 -0.090855       -0.151213   \n",
       "key               -0.112020     0.043037 -0.019287       -0.020519   \n",
       "liveness           0.027832     0.085714  0.006842        0.038176   \n",
       "loudness          -0.023409    -0.073552  0.165974        0.228754   \n",
       "mode               1.000000    -0.065919  0.028568       -0.014385   \n",
       "speechiness       -0.065919     1.000000  0.065605        0.027296   \n",
       "tempo              0.028568     0.065605  1.000000        0.029067   \n",
       "time_signature    -0.014385     0.027296  0.029067        1.000000   \n",
       "track_number       0.041901     0.010060 -0.041629       -0.104105   \n",
       "valence           -0.027847     0.077762  0.100528        0.138175   \n",
       "y                 -0.047469     0.096355  0.028400        0.092016   \n",
       "featuring         -0.040895     0.057286  0.017049        0.008236   \n",
       "\n",
       "                   track_number   valence         y  featuring  \n",
       "acousticness           0.239997 -0.179385 -0.204295  -0.078503  \n",
       "available_markets     -0.049505 -0.015351  0.035451   0.062204  \n",
       "danceability          -0.171395  0.498381  0.276735   0.129854  \n",
       "duration_ms           -0.059643 -0.109136  0.007337  -0.007351  \n",
       "energy                -0.231864  0.393091  0.131516   0.066074  \n",
       "instrumentalness       0.115426 -0.218063 -0.208381  -0.063172  \n",
       "key                    0.010367  0.028346  0.003437   0.013505  \n",
       "liveness               0.059846  0.058679 -0.060264  -0.022114  \n",
       "loudness              -0.269491  0.334079  0.210864   0.084738  \n",
       "mode                   0.041901 -0.027847 -0.047469  -0.040895  \n",
       "speechiness            0.010060  0.077762  0.096355   0.057286  \n",
       "tempo                 -0.041629  0.100528  0.028400   0.017049  \n",
       "time_signature        -0.104105  0.138175  0.092016   0.008236  \n",
       "track_number           1.000000 -0.063768 -0.253614  -0.063818  \n",
       "valence               -0.063768  1.000000  0.074564   0.033141  \n",
       "y                     -0.253614  0.074564  1.000000   0.208188  \n",
       "featuring             -0.063818  0.033141  0.208188   1.000000  "
      ]
     },
     "execution_count": 4,
     "metadata": {},
     "output_type": "execute_result"
    }
   ],
   "source": [
    "# correlation\n",
    "df.corr()"
   ]
  },
  {
   "cell_type": "markdown",
   "metadata": {},
   "source": [
    "Looks like **energy**, **acousticness** and **loudness** have high relationship. Also, **danceability**, **instrumentalness** and **valence** have a little bit relationship."
   ]
  },
  {
   "cell_type": "code",
   "execution_count": 5,
   "metadata": {},
   "outputs": [
    {
     "data": {
      "text/html": [
       "<div>\n",
       "<style>\n",
       "    .dataframe thead tr:only-child th {\n",
       "        text-align: right;\n",
       "    }\n",
       "\n",
       "    .dataframe thead th {\n",
       "        text-align: left;\n",
       "    }\n",
       "\n",
       "    .dataframe tbody tr th {\n",
       "        vertical-align: top;\n",
       "    }\n",
       "</style>\n",
       "<table border=\"1\" class=\"dataframe\">\n",
       "  <thead>\n",
       "    <tr style=\"text-align: right;\">\n",
       "      <th></th>\n",
       "      <th>acousticness</th>\n",
       "      <th>danceability</th>\n",
       "      <th>energy</th>\n",
       "      <th>instrumentalness</th>\n",
       "      <th>loudness</th>\n",
       "      <th>track_number</th>\n",
       "      <th>y</th>\n",
       "    </tr>\n",
       "  </thead>\n",
       "  <tbody>\n",
       "    <tr>\n",
       "      <th>acousticness</th>\n",
       "      <td>1.000000</td>\n",
       "      <td>-0.229759</td>\n",
       "      <td>-0.729465</td>\n",
       "      <td>0.287436</td>\n",
       "      <td>-0.627845</td>\n",
       "      <td>0.239997</td>\n",
       "      <td>-0.204295</td>\n",
       "    </tr>\n",
       "    <tr>\n",
       "      <th>danceability</th>\n",
       "      <td>-0.229759</td>\n",
       "      <td>1.000000</td>\n",
       "      <td>0.219107</td>\n",
       "      <td>-0.313056</td>\n",
       "      <td>0.347102</td>\n",
       "      <td>-0.171395</td>\n",
       "      <td>0.276735</td>\n",
       "    </tr>\n",
       "    <tr>\n",
       "      <th>energy</th>\n",
       "      <td>-0.729465</td>\n",
       "      <td>0.219107</td>\n",
       "      <td>1.000000</td>\n",
       "      <td>-0.318256</td>\n",
       "      <td>0.796348</td>\n",
       "      <td>-0.231864</td>\n",
       "      <td>0.131516</td>\n",
       "    </tr>\n",
       "    <tr>\n",
       "      <th>instrumentalness</th>\n",
       "      <td>0.287436</td>\n",
       "      <td>-0.313056</td>\n",
       "      <td>-0.318256</td>\n",
       "      <td>1.000000</td>\n",
       "      <td>-0.537649</td>\n",
       "      <td>0.115426</td>\n",
       "      <td>-0.208381</td>\n",
       "    </tr>\n",
       "    <tr>\n",
       "      <th>loudness</th>\n",
       "      <td>-0.627845</td>\n",
       "      <td>0.347102</td>\n",
       "      <td>0.796348</td>\n",
       "      <td>-0.537649</td>\n",
       "      <td>1.000000</td>\n",
       "      <td>-0.269491</td>\n",
       "      <td>0.210864</td>\n",
       "    </tr>\n",
       "    <tr>\n",
       "      <th>track_number</th>\n",
       "      <td>0.239997</td>\n",
       "      <td>-0.171395</td>\n",
       "      <td>-0.231864</td>\n",
       "      <td>0.115426</td>\n",
       "      <td>-0.269491</td>\n",
       "      <td>1.000000</td>\n",
       "      <td>-0.253614</td>\n",
       "    </tr>\n",
       "    <tr>\n",
       "      <th>y</th>\n",
       "      <td>-0.204295</td>\n",
       "      <td>0.276735</td>\n",
       "      <td>0.131516</td>\n",
       "      <td>-0.208381</td>\n",
       "      <td>0.210864</td>\n",
       "      <td>-0.253614</td>\n",
       "      <td>1.000000</td>\n",
       "    </tr>\n",
       "  </tbody>\n",
       "</table>\n",
       "</div>"
      ],
      "text/plain": [
       "                  acousticness  danceability    energy  instrumentalness  \\\n",
       "acousticness          1.000000     -0.229759 -0.729465          0.287436   \n",
       "danceability         -0.229759      1.000000  0.219107         -0.313056   \n",
       "energy               -0.729465      0.219107  1.000000         -0.318256   \n",
       "instrumentalness      0.287436     -0.313056 -0.318256          1.000000   \n",
       "loudness             -0.627845      0.347102  0.796348         -0.537649   \n",
       "track_number          0.239997     -0.171395 -0.231864          0.115426   \n",
       "y                    -0.204295      0.276735  0.131516         -0.208381   \n",
       "\n",
       "                  loudness  track_number         y  \n",
       "acousticness     -0.627845      0.239997 -0.204295  \n",
       "danceability      0.347102     -0.171395  0.276735  \n",
       "energy            0.796348     -0.231864  0.131516  \n",
       "instrumentalness -0.537649      0.115426 -0.208381  \n",
       "loudness          1.000000     -0.269491  0.210864  \n",
       "track_number     -0.269491      1.000000 -0.253614  \n",
       "y                 0.210864     -0.253614  1.000000  "
      ]
     },
     "execution_count": 5,
     "metadata": {},
     "output_type": "execute_result"
    }
   ],
   "source": [
    "# correlation > 0.2\n",
    "df[['acousticness', 'danceability', 'energy', 'instrumentalness', 'loudness', 'track_number', 'y']].corr()"
   ]
  },
  {
   "cell_type": "markdown",
   "metadata": {},
   "source": [
    "### 2.2 Graphical analysis"
   ]
  },
  {
   "cell_type": "markdown",
   "metadata": {},
   "source": [
    "#### Pairplot\n",
    "First look at the pairplot for the above features."
   ]
  },
  {
   "cell_type": "code",
   "execution_count": 6,
   "metadata": {},
   "outputs": [
    {
     "data": {
